[43.308041000, -1.499646000],
[43.308200000, -1.499989000],
[43.308349000, -1.500653000],
[43.308430000, -1.500917000],
[43.308718000, -1.501656000],
[43.309004000, -1.502681000],
[43.309068000, -1.503144000],
[43.309066000, -1.503777000],
[43.308981000, -1.504559000],
[43.308909000, -1.504830000],
[43.308711000, -1.505137000],
[43.308567000, -1.505297000],
[43.308500000, -1.505466000],
[43.308356000, -1.506042000],
[43.308343000, -1.505866000],
[43.308159000, -1.505880000],
[43.307824000, -1.505963000],
[43.307748000, -1.506003000],
[43.307589000, -1.506177000],
[43.307453000, -1.506436000],
[43.307440000, -1.506674000],
[43.307499000, -1.506918000],
[43.307620000, -1.507181000],
[43.307799000, -1.507414000],
[43.308351000, -1.507774000],
[43.308809000, -1.508176000],
[43.309035000, -1.508449000],
[43.309148000, -1.508793000],
[43.309065000, -1.509823000],
[43.308927000, -1.510248000],
[43.308770000, -1.510541000],
[43.308708000, -1.510759000],
[43.308748000, -1.511280000],
[43.308726000, -1.511701000],
[43.308796000, -1.512161000],
[43.309346000, -1.513625000],
[43.309645000, -1.514201000],
[43.309808000, -1.514732000],
[43.309831000, -1.514865000],
[43.310008000, -1.515369000],
[43.310487000, -1.516241000],
[43.310534000, -1.516429000],
[43.310617000, -1.516630000],
[43.310625000, -1.516807000],
[43.310600000, -1.516900000],
[43.310628000, -1.517095000],
[43.310772000, -1.517256000],
[43.310883000, -1.517428000],
[43.311066000, -1.517887000],
[43.311301000, -1.518338000],
[43.311608000, -1.518991000],
[43.311815000, -1.519493000],
[43.311714000, -1.519568000],
[43.311557000, -1.519753000],
[43.311150000, -1.520477000],
[43.311008000, -1.520821000],
[43.310979000, -1.521130000],
[43.310994000, -1.521412000],
[43.310922000, -1.521825000],
[43.310473000, -1.522720000],
[43.310247000, -1.523238000],
[43.310168000, -1.523509000],
[43.310074000, -1.523635000],
[43.309967000, -1.523689000],
[43.309954000, -1.523723000],
[43.309295000, -1.523872000],
[43.308643000, -1.524055000],
[43.308345000, -1.524019000],
[43.308266000, -1.524123000],
[43.308144000, -1.524145000],
[43.307866000, -1.524055000],
[43.307546000, -1.523877000],
[43.307158000, -1.523705000],
[43.306913000, -1.523658000],
[43.306653000, -1.523569000],
[43.306460000, -1.523563000],
[43.306431000, -1.523443000],
[43.306332000, -1.523313000],
[43.306317000, -1.523000000],
[43.306351000, -1.522921000],
[43.306585000, -1.522882000],
[43.306643000, -1.522933000],
[43.306698000, -1.522858000],
[43.306859000, -1.522816000],
[43.307011000, -1.522742000],
[43.307158000, -1.522744000],
[43.307273000, -1.522679000],
[43.307323000, -1.522617000],
[43.307408000, -1.522592000],
[43.307515000, -1.522594000],
[43.307611000, -1.522674000],
[43.307573000, -1.522626000],
[43.307362000, -1.522556000],
[43.307279000, -1.522378000],
[43.307273000, -1.522187000],
[43.307370000, -1.522081000],
[43.307568000, -1.521930000],
[43.307737000, -1.521874000],
[43.308597000, -1.521843000],
[43.308750000, -1.521722000],
[43.308816000, -1.521547000],
[43.308899000, -1.521030000],
[43.308900000, -1.520151000],
[43.308833000, -1.519656000],
[43.308773000, -1.519463000],
[43.308498000, -1.518897000],
[43.308244000, -1.518460000],
[43.307982000, -1.518159000],
[43.307667000, -1.517925000],
[43.307519000, -1.517787000],
[43.307325000, -1.517382000],
[43.307025000, -1.516937000],
[43.306845000, -1.516706000],
[43.306758000, -1.516414000],
[43.306673000, -1.516290000],
[43.306698000, -1.516154000],
[43.306774000, -1.516015000],
[43.306922000, -1.515817000],
[43.306963000, -1.515545000],
[43.306885000, -1.515351000],
[43.306734000, -1.515099000],
[43.306556000, -1.515042000],
[43.306114000, -1.514713000],
[43.305852000, -1.514433000],
[43.305044000, -1.513247000],
[43.304989000, -1.513116000],
[43.305013000, -1.512731000],
[43.305040000, -1.512624000],
[43.305118000, -1.512461000],
[43.305156000, -1.512332000],
[43.305167000, -1.512163000],
[43.305187000, -1.512096000],
[43.305204000, -1.511721000],
[43.305234000, -1.511568000],
[43.305235000, -1.511457000],
[43.305292000, -1.511109000],
[43.305248000, -1.510693000],
[43.305204000, -1.510574000],
[43.305202000, -1.510469000],
[43.305244000, -1.510256000],
[43.305217000, -1.510163000],
[43.305128000, -1.510078000],
[43.305022000, -1.509736000],
[43.305019000, -1.509649000],
[43.304885000, -1.509456000],
[43.304838000, -1.509249000],
[43.304761000, -1.509054000],
[43.304664000, -1.508878000],
[43.304575000, -1.508777000],
[43.304323000, -1.508082000],
[43.304152000, -1.507764000],
[43.303923000, -1.507506000],
[43.303811000, -1.507336000],
[43.303664000, -1.506999000],
[43.303358000, -1.505881000],
[43.303321000, -1.505639000],
[43.303309000, -1.505365000],
[43.303317000, -1.505019000],
[43.303350000, -1.504624000],
[43.303352000, -1.504274000],
[43.303303000, -1.503606000],
[43.303132000, -1.503147000],
[43.302869000, -1.502787000],
[43.302769000, -1.502473000],
[43.302642000, -1.501893000],
[43.302669000, -1.501547000],
[43.302750000, -1.501151000],
[43.302896000, -1.500703000],
[43.303013000, -1.500467000],
[43.303375000, -1.499882000],
[43.303676000, -1.499269000],
[43.304194000, -1.498307000],
[43.304343000, -1.498261000],
[43.304469000, -1.498398000],
[43.304695000, -1.498733000],
[43.304797000, -1.498781000],
[43.304849000, -1.498641000],
[43.304838000, -1.498532000],
[43.304870000, -1.498344000],
[43.304940000, -1.498381000],
[43.305031000, -1.498630000],
[43.305166000, -1.498890000],
[43.305326000, -1.498977000],
[43.305555000, -1.498953000],
[43.306358000, -1.498740000],
[43.306686000, -1.498724000],
[43.306760000, -1.498696000],
[43.306809000, -1.498459000],
[43.306854000, -1.498118000],
[43.306873000, -1.497434000],
[43.306784000, -1.497223000],
[43.306649000, -1.497072000],
[43.306835000, -1.496668000],
[43.306855000, -1.496392000],
[43.306849000, -1.495803000],
[43.306822000, -1.495434000],
[43.306754000, -1.495002000],
[43.306649000, -1.494606000],
[43.306607000, -1.494297000],
[43.306511000, -1.493983000],
[43.306491000, -1.493826000],
[43.306373000, -1.493429000],
[43.306225000, -1.492820000],
[43.306200000, -1.492604000],
[43.306115000, -1.492190000],
[43.306007000, -1.492169000],
[43.305689000, -1.492240000],
[43.305380000, -1.492375000],
[43.305284000, -1.492389000],
[43.305093000, -1.492291000],
[43.304983000, -1.492206000],
[43.304802000, -1.492020000],
[43.304617000, -1.491943000],
[43.304132000, -1.491893000],
[43.304030000, -1.491857000],
[43.303992000, -1.491814000],
[43.304004000, -1.491719000],
[43.304167000, -1.491624000],
[43.304268000, -1.491519000],
[43.304474000, -1.491195000],
[43.304574000, -1.490910000],
[43.304569000, -1.490785000],
[43.304494000, -1.490756000],
[43.304287000, -1.490815000],
[43.303932000, -1.490813000],
[43.303826000, -1.490770000],
[43.303817000, -1.490655000],
[43.303962000, -1.490489000],
[43.304575000, -1.489580000],
[43.304775000, -1.489146000],
[43.304809000, -1.488952000],
[43.304813000, -1.488817000],
[43.304789000, -1.488615000],
[43.304703000, -1.488475000],
[43.304552000, -1.488367000],
[43.303734000, -1.487959000],
[43.303452000, -1.487898000],
[43.303352000, -1.487833000],
[43.303163000, -1.487605000],
[43.303136000, -1.487541000],
[43.303127000, -1.487411000],
[43.303165000, -1.487281000],
[43.303248000, -1.487170000],
[43.303571000, -1.486887000],
[43.303697000, -1.486691000],
[43.303779000, -1.486374000],
[43.303906000, -1.485994000],
[43.303919000, -1.485861000],
[43.303910000, -1.485673000],
[43.303807000, -1.485095000],
[43.303824000, -1.484727000],
[43.303848000, -1.484585000],
[43.304251000, -1.483604000],
[43.304346000, -1.483536000],
[43.304443000, -1.483608000],
[43.304579000, -1.483767000],
[43.304890000, -1.483988000],
[43.304978000, -1.483980000],
[43.305041000, -1.483881000],
[43.305038000, -1.483811000],
[43.304988000, -1.483631000],
[43.304601000, -1.482824000],
[43.304533000, -1.482765000],
[43.304421000, -1.482716000],
[43.303786000, -1.482636000],
[43.303689000, -1.482583000],
[43.303603000, -1.482461000],
[43.303548000, -1.482338000],
[43.303526000, -1.482187000],
[43.303598000, -1.482010000],
[43.303797000, -1.481829000],
[43.303870000, -1.481686000],
[43.304129000, -1.481512000],
[43.304268000, -1.481374000],
[43.305151000, -1.480306000],
[43.305369000, -1.479958000],
[43.305593000, -1.479464000],
[43.306074000, -1.478177000],
[43.306163000, -1.478007000],
[43.306293000, -1.477835000],
[43.307571000, -1.478417000],
[43.307879000, -1.478498000],
[43.308233000, -1.478531000],
[43.308678000, -1.478496000],
[43.309029000, -1.478434000],
[43.309471000, -1.478234000],
[43.309718000, -1.478176000],
[43.310016000, -1.478170000],
[43.310239000, -1.478098000],
[43.310410000, -1.477922000],
[43.310525000, -1.477740000],
[43.310623000, -1.477462000],
[43.310626000, -1.477337000],
[43.310586000, -1.477227000],
[43.310470000, -1.477082000],
[43.310573000, -1.476678000],
[43.310697000, -1.475899000],
[43.310644000, -1.475741000],
[43.310560000, -1.475580000],
[43.310415000, -1.475489000],
[43.310307000, -1.475388000],
[43.309993000, -1.474970000],
[43.309800000, -1.474665000],
[43.309732000, -1.474398000],
[43.309582000, -1.474070000],
[43.309599000, -1.473898000],
[43.309646000, -1.473677000],
[43.309576000, -1.473433000],
[43.309523000, -1.473318000],
[43.309377000, -1.472793000],
[43.309271000, -1.472617000],
[43.309246000, -1.472527000],
[43.308782000, -1.471935000],
[43.308537000, -1.471795000],
[43.308442000, -1.471690000],
[43.308499000, -1.471595000],
[43.308603000, -1.471512000],
[43.308652000, -1.471331000],
[43.308724000, -1.471311000],
[43.308915000, -1.471089000],
[43.308894000, -1.471007000],
[43.308480000, -1.470907000],
[43.308195000, -1.470943000],
[43.307942000, -1.471119000],
[43.307900000, -1.471039000],
[43.307983000, -1.470817000],
[43.308044000, -1.470580000],
[43.308071000, -1.470336000],
[43.308047000, -1.470094000],
[43.307968000, -1.469881000],
[43.307884000, -1.469767000],
[43.307563000, -1.469530000],
[43.307445000, -1.469478000],
[43.307196000, -1.469470000],
[43.307531000, -1.469532000],
[43.307731000, -1.469635000],
[43.307883000, -1.469767000],
[43.308010000, -1.469943000],
[43.308102000, -1.470128000],
[43.308196000, -1.470088000],
[43.308677000, -1.470282000],
[43.308640000, -1.470325000],
[43.308476000, -1.470411000],
[43.308337000, -1.470561000],
[43.308296000, -1.470636000],
[43.308360000, -1.470822000],
[43.308589000, -1.470957000],
[43.309082000, -1.471073000],
[43.309802000, -1.471197000],
[43.310045000, -1.471107000],
[43.310409000, -1.470712000],
[43.310561000, -1.470361000],
[43.310646000, -1.470016000],
[43.310667000, -1.469561000],
[43.310616000, -1.468811000],
[43.310473000, -1.468422000],
[43.310441000, -1.468185000],
[43.310435000, -1.467400000],
[43.310357000, -1.467094000],
[43.310395000, -1.466938000],
[43.310634000, -1.467042000],
[43.310844000, -1.467291000],
[43.310865000, -1.467373000],
[43.311101000, -1.467846000],
[43.311198000, -1.467964000],
[43.311376000, -1.468312000],
[43.311479000, -1.468650000],
[43.311546000, -1.468634000],
[43.311556000, -1.468388000],
[43.311783000, -1.467614000],
[43.312235000, -1.465694000],
[43.312257000, -1.465433000],
[43.312244000, -1.465263000],
[43.312052000, -1.465063000],
[43.311580000, -1.464873000],
[43.311343000, -1.464911000],
[43.311260000, -1.464833000],
[43.311291000, -1.464751000],
[43.311309000, -1.464754000],
[43.311309000, -1.464790000],
[43.311037000, -1.465056000],
[43.310739000, -1.465242000],
[43.310337000, -1.465429000],
[43.310252000, -1.465412000],
[43.309928000, -1.465456000],
[43.309741000, -1.465443000],
[43.309621000, -1.465401000],
[43.309515000, -1.465397000],
[43.309415000, -1.465459000],
[43.309127000, -1.465781000],
[43.308826000, -1.466069000],
[43.308691000, -1.466283000],
[43.308575000, -1.466406000],
[43.308044000, -1.466734000],
[43.307640000, -1.467115000],
[43.306990000, -1.467357000],
[43.306729000, -1.467406000],
[43.306390000, -1.467504000],
[43.306207000, -1.467515000],
[43.306103000, -1.467427000],
[43.306049000, -1.467313000],
[43.305991000, -1.467075000],
[43.305968000, -1.466808000],
[43.305840000, -1.466400000],
[43.305721000, -1.466178000],
[43.305715000, -1.466053000],
[43.305738000, -1.465926000],
[43.305708000, -1.465716000],
[43.305648000, -1.465534000],
[43.305219000, -1.464661000],
[43.305082000, -1.464518000],
[43.305036000, -1.464533000],
[43.305034000, -1.464816000],
[43.304915000, -1.465385000],
[43.304925000, -1.465634000],
[43.304874000, -1.466266000],
[43.304830000, -1.466385000],
[43.304774000, -1.466472000],
[43.304724000, -1.466475000],
[43.304479000, -1.466946000],
[43.304501000, -1.466982000],
[43.304672000, -1.467093000],
[43.304775000, -1.467296000],
[43.304841000, -1.467345000],
[43.304938000, -1.467482000],
[43.305002000, -1.467638000],
[43.305019000, -1.467769000],
[43.305082000, -1.467887000],
[43.305031000, -1.467899000],
[43.304910000, -1.467844000],
[43.304836000, -1.467851000],
[43.304679000, -1.467716000],
[43.304727000, -1.467853000],
[43.304990000, -1.468275000],
[43.305042000, -1.468435000],
[43.305208000, -1.469212000],
[43.305182000, -1.469239000],
[43.304995000, -1.469008000],
[43.304739000, -1.468756000],
[43.304454000, -1.468532000],
[43.304235000, -1.468319000],
[43.304081000, -1.468224000],
[43.303946000, -1.468102000],
[43.303780000, -1.467991000],
[43.303629000, -1.467957000],
[43.303527000, -1.467866000],
[43.303471000, -1.467659000],
[43.303461000, -1.467466000],
[43.303429000, -1.467270000],
[43.303317000, -1.466862000],
[43.303245000, -1.466390000],
[43.303192000, -1.466182000],
[43.303095000, -1.465977000],
[43.302987000, -1.465817000],
[43.302849000, -1.465685000],
[43.302795000, -1.465603000],
[43.302713000, -1.465584000],
[43.302653000, -1.465535000],
[43.302521000, -1.465489000],
[43.302551000, -1.465474000],
[43.302424000, -1.465304000],
[43.302344000, -1.465113000],
[43.302287000, -1.464917000],
[43.302242000, -1.464498000],
[43.302218000, -1.464055000],
[43.302165000, -1.463807000],
[43.302072000, -1.463651000],
[43.301801000, -1.463332000],
[43.301677000, -1.463214000],
[43.301579000, -1.463071000],
[43.301352000, -1.462581000],
[43.300986000, -1.461910000],
[43.300829000, -1.461692000],
[43.300114000, -1.460994000],
[43.299890000, -1.460815000],
[43.299367000, -1.460583000],
[43.299247000, -1.460494000],
[43.298994000, -1.460141000],
[43.298883000, -1.459839000],
[43.298846000, -1.459650000],
[43.298877000, -1.459376000],
[43.299111000, -1.458747000],
[43.299180000, -1.458304000],
[43.299186000, -1.457752000],
[43.299144000, -1.457476000],
[43.299125000, -1.457133000],
[43.299149000, -1.456978000],
[43.299383000, -1.456323000],
[43.299462000, -1.455902000],
[43.299448000, -1.455462000],
[43.299318000, -1.455213000],
[43.299228000, -1.455082000],
[43.299162000, -1.454796000],
[43.299194000, -1.454325000],
[43.299343000, -1.453785000],
[43.299515000, -1.453331000],
[43.299754000, -1.452878000],
[43.299902000, -1.452458000],
[43.299955000, -1.452119000],
[43.299931000, -1.451708000],
[43.299839000, -1.451400000],
[43.299501000, -1.450908000],
[43.299065000, -1.450523000],
[43.299065000, -1.450325000],
[43.299267000, -1.449792000],
[43.299386000, -1.449214000],
[43.299398000, -1.448427000],
[43.299368000, -1.448216000],
[43.299305000, -1.447990000],
[43.299194000, -1.447784000],
[43.299074000, -1.447670000],
[43.299006000, -1.447655000],
[43.298576000, -1.447175000],
[43.298338000, -1.446848000],
[43.298158000, -1.446491000],
[43.298038000, -1.446350000],
[43.297610000, -1.446065000],
[43.297521000, -1.445956000],
[43.297327000, -1.445583000],
[43.297058000, -1.444992000],
[43.296954000, -1.444378000],
[43.296824000, -1.444028000],
[43.296319000, -1.443491000],
[43.296202000, -1.443400000],
[43.296074000, -1.443255000],
[43.295942000, -1.443169000],
[43.295720000, -1.442923000],
[43.295415000, -1.442503000],
[43.295123000, -1.442176000],
[43.294974000, -1.441956000],
[43.294848000, -1.441681000],
[43.294633000, -1.441402000],
[43.294539000, -1.441248000],
[43.294415000, -1.441158000],
[43.294011000, -1.441088000],
[43.293904000, -1.440994000],
[43.293806000, -1.440867000],
[43.293380000, -1.439995000],
[43.293370000, -1.439833000],
[43.293332000, -1.439643000],
[43.293195000, -1.439575000],
[43.293073000, -1.439571000],
[43.292856000, -1.439618000],
[43.292606000, -1.439580000],
[43.292487000, -1.439529000],
[43.292332000, -1.439398000],
[43.292258000, -1.439263000],
[43.292088000, -1.438818000],
[43.292062000, -1.438519000],
[43.292010000, -1.438390000],
[43.291941000, -1.438290000],
[43.291727000, -1.438186000],
[43.291650000, -1.438122000],
[43.291567000, -1.438016000],
[43.291387000, -1.437662000],
[43.291310000, -1.437628000],
[43.291233000, -1.437734000],
[43.291112000, -1.437824000],
[43.291036000, -1.437910000],
[43.290968000, -1.437938000],
[43.290778000, -1.438180000],
[43.290634000, -1.438251000],
[43.290455000, -1.438450000],
[43.290309000, -1.438548000],
[43.290220000, -1.438522000],
[43.289782000, -1.438517000],
[43.289494000, -1.438440000],
[43.289398000, -1.438387000],
[43.289308000, -1.438298000],
[43.288815000, -1.438147000],
[43.288279000, -1.438090000],
[43.288143000, -1.438017000],
[43.288034000, -1.437903000],
[43.287834000, -1.437841000],
[43.287509000, -1.437965000],
[43.287397000, -1.438032000],
[43.287190000, -1.438035000],
[43.286746000, -1.437947000],
[43.286575000, -1.438002000],
[43.286182000, -1.437903000],
[43.286067000, -1.437815000],
[43.285890000, -1.437576000],
[43.285815000, -1.437433000],
[43.285661000, -1.437310000],
[43.285499000, -1.437308000],
[43.285275000, -1.437371000],
[43.285126000, -1.437440000],
[43.284972000, -1.437449000],
[43.284655000, -1.437320000],
[43.284435000, -1.437170000],
[43.284226000, -1.437194000],
[43.283806000, -1.437349000],
[43.283682000, -1.437419000],
[43.283654000, -1.437463000],
[43.283529000, -1.437930000],
[43.283465000, -1.438036000],
[43.283367000, -1.438116000],
[43.283279000, -1.438086000],
[43.283049000, -1.437917000],
[43.282889000, -1.437936000],
[43.282729000, -1.438032000],
[43.282608000, -1.438191000],
[43.282461000, -1.438211000],
[43.282311000, -1.438171000],
[43.282084000, -1.438051000],
[43.281850000, -1.437995000],
[43.281356000, -1.438008000],
[43.280831000, -1.438441000],
[43.280715000, -1.438589000],
[43.280569000, -1.438731000],
[43.280402000, -1.438849000],
[43.280008000, -1.439208000],
[43.279809000, -1.439425000],
[43.279562000, -1.439648000],
[43.279245000, -1.439865000],
[43.278719000, -1.440060000],
[43.278547000, -1.439956000],
[43.278476000, -1.439778000],
[43.278304000, -1.439559000],
[43.278147000, -1.439461000],
[43.277968000, -1.439434000],
[43.277734000, -1.439487000],
[43.277555000, -1.439639000],
[43.277359000, -1.439871000],
[43.276894000, -1.440516000],
[43.276825000, -1.440589000],
[43.276428000, -1.440729000],
[43.276328000, -1.440709000],
[43.275951000, -1.440543000],
[43.275784000, -1.440607000],
[43.275522000, -1.440813000],
[43.275149000, -1.441063000],
[43.274775000, -1.441438000],
[43.274459000, -1.441851000],
[43.274111000, -1.442164000],
[43.273855000, -1.442272000],
[43.273611000, -1.442503000],
[43.273521000, -1.442508000],
[43.273435000, -1.442355000],
[43.273333000, -1.442358000],
[43.273046000, -1.442240000],
[43.272865000, -1.442197000],
[43.272812000, -1.442108000],
[43.272739000, -1.441850000],
[43.272527000, -1.441517000],
[43.272330000, -1.441419000],
[43.272071000, -1.441220000],
[43.271940000, -1.441154000],
[43.271673000, -1.441083000],
[43.271488000, -1.441162000],
[43.271394000, -1.441398000],
[43.271361000, -1.441558000],
[43.271128000, -1.442252000],
[43.271102000, -1.442474000],
[43.271083000, -1.442518000],
[43.270910000, -1.442433000],
[43.270832000, -1.442367000],
[43.270569000, -1.442034000],
[43.270149000, -1.441382000],
[43.269983000, -1.441269000],
[43.269628000, -1.441145000],
[43.269431000, -1.441156000],
[43.269323000, -1.441191000],
[43.269060000, -1.441213000],
[43.268759000, -1.441292000],
[43.268539000, -1.441376000],
[43.267874000, -1.441819000],
[43.267728000, -1.441950000],
[43.267685000, -1.441871000],
[43.267679000, -1.441540000],
[43.267631000, -1.441304000],
[43.267411000, -1.440637000],
[43.267105000, -1.439895000],
[43.266981000, -1.439533000],
[43.266842000, -1.439286000],
[43.266687000, -1.439209000],
[43.266556000, -1.439180000],
[43.265880000, -1.438923000],
[43.265655000, -1.438860000],
[43.265025000, -1.438857000],
[43.264726000, -1.438822000],
[43.264562000, -1.438755000],
[43.264399000, -1.438624000],
[43.264361000, -1.438455000],
[43.264437000, -1.438214000],
[43.264681000, -1.437675000],
[43.264803000, -1.437454000],
[43.265000000, -1.437191000],
[43.265256000, -1.436790000],
[43.265413000, -1.436599000],
[43.265694000, -1.436021000],
[43.265903000, -1.435759000],
[43.266262000, -1.435425000],
[43.266653000, -1.434893000],
[43.266688000, -1.434679000],
[43.266663000, -1.434578000],
[43.266659000, -1.434264000],
[43.266779000, -1.434071000],
[43.266807000, -1.433922000],
[43.266779000, -1.433865000],
[43.266856000, -1.433863000],
[43.267077000, -1.433517000],
[43.267200000, -1.433148000],
[43.267371000, -1.432934000],
[43.267532000, -1.432579000],
[43.267582000, -1.432352000],
[43.267603000, -1.431856000],
[43.267584000, -1.431572000],
[43.267486000, -1.431237000],
[43.267302000, -1.430816000],
[43.267302000, -1.430644000],
[43.267274000, -1.430483000],
[43.267203000, -1.430336000],
[43.267153000, -1.430157000],
[43.267114000, -1.429816000],
[43.267021000, -1.429494000],
[43.266848000, -1.429185000],
[43.266632000, -1.428906000],
[43.266457000, -1.428805000],
[43.266327000, -1.428803000],
[43.265842000, -1.428957000],
[43.265653000, -1.428959000],
[43.265518000, -1.428829000],
[43.265497000, -1.428733000],
[43.265509000, -1.428236000],
[43.265612000, -1.427713000],
[43.265658000, -1.427571000],
[43.265771000, -1.427356000],
[43.266099000, -1.427053000],
[43.266204000, -1.426879000],
[43.266239000, -1.426658000],
[43.266112000, -1.426115000],
[43.266010000, -1.425912000],
[43.265901000, -1.425755000],
[43.265717000, -1.425430000],
[43.265545000, -1.425240000],
[43.265379000, -1.424884000],
[43.265186000, -1.424716000],
[43.264991000, -1.424695000],
[43.264379000, -1.424960000],
[43.263720000, -1.425330000],
[43.263492000, -1.425642000],
[43.263333000, -1.425780000],
[43.262950000, -1.426044000],
[43.262630000, -1.426358000],
[43.262378000, -1.426538000],
[43.262173000, -1.426620000],
[43.261852000, -1.426636000],
[43.261491000, -1.426545000],
[43.261315000, -1.426450000],
[43.261087000, -1.426249000],
[43.260875000, -1.425933000],
[43.260215000, -1.425725000],
[43.259903000, -1.425681000],
[43.259720000, -1.425696000],
[43.259268000, -1.425904000],
[43.258857000, -1.426336000],
[43.258377000, -1.426629000],
[43.258104000, -1.426989000],
[43.257711000, -1.427266000],
[43.257180000, -1.427793000],
[43.256999000, -1.427748000],
[43.256950000, -1.427682000],
[43.256817000, -1.427377000],
[43.256714000, -1.427231000],
[43.256608000, -1.426909000],
[43.256538000, -1.426785000],
[43.256426000, -1.426662000],
[43.256403000, -1.426541000],
[43.256387000, -1.426595000],
[43.256362000, -1.426597000],
[43.256335000, -1.426461000],
[43.256282000, -1.426331000],
[43.256274000, -1.426179000],
[43.256231000, -1.425958000],
[43.256198000, -1.425501000],
[43.256065000, -1.424883000],
[43.256058000, -1.424663000],
[43.256079000, -1.424305000],
[43.256057000, -1.424241000],
[43.255962000, -1.423633000],
[43.256014000, -1.423077000],
[43.255999000, -1.423067000],
[43.256072000, -1.422788000],
[43.256077000, -1.422300000],
[43.256150000, -1.421778000],
[43.256125000, -1.421380000],
[43.256171000, -1.421080000],
[43.256215000, -1.420915000],
[43.256217000, -1.420832000],
[43.256311000, -1.420605000],
[43.256302000, -1.420539000],
[43.256241000, -1.420488000],
[43.256004000, -1.420430000],
[43.255560000, -1.420431000],
[43.255491000, -1.420380000],
[43.255423000, -1.420192000],
[43.255188000, -1.419170000],
[43.255033000, -1.417732000],
[43.255040000, -1.417379000],
[43.254983000, -1.416679000],
[43.254906000, -1.416601000],
[43.254795000, -1.416700000],
[43.254598000, -1.417372000],
[43.254372000, -1.418273000],
[43.254205000, -1.418792000],
[43.254035000, -1.419209000],
[43.253712000, -1.419526000],
[43.253597000, -1.419666000],
[43.253466000, -1.419738000],
[43.253073000, -1.419813000],
[43.252917000, -1.419388000],
[43.252842000, -1.418938000],
[43.252856000, -1.418630000],
[43.252807000, -1.418409000],
[43.252651000, -1.418204000],
[43.252566000, -1.418034000],
[43.252503000, -1.417856000],
[43.252344000, -1.417121000],
[43.252320000, -1.416948000],
[43.252273000, -1.417045000],
[43.252141000, -1.417683000],
[43.251957000, -1.418350000],
[43.251925000, -1.418714000],
[43.251992000, -1.419864000],
[43.251943000, -1.420216000],
[43.251813000, -1.420582000],
[43.251764000, -1.420995000],
[43.251615000, -1.421452000],
[43.251637000, -1.421832000],
[43.251715000, -1.421960000],
[43.251816000, -1.422015000],
[43.252040000, -1.422245000],
[43.252081000, -1.422443000],
[43.252015000, -1.422544000],
[43.251768000, -1.422675000],
[43.251636000, -1.423028000],
[43.251536000, -1.423422000],
[43.251569000, -1.423870000],
[43.251645000, -1.424177000],
[43.251645000, -1.424514000],
[43.251557000, -1.425182000],
[43.251415000, -1.426048000],
[43.251453000, -1.426274000],
[43.251527000, -1.426463000],
[43.251643000, -1.426631000],
[43.252024000, -1.427022000],
[43.252260000, -1.427377000],
[43.252366000, -1.427727000],
[43.252425000, -1.427801000],
[43.252639000, -1.427906000],
[43.252698000, -1.427986000],
[43.252755000, -1.428182000],
[43.252951000, -1.428482000],
[43.253302000, -1.428865000],
[43.253996000, -1.429257000],
[43.254098000, -1.429356000],
[43.254114000, -1.429512000],
[43.254089000, -1.429706000],
[43.254014000, -1.429999000],
[43.254024000, -1.430190000],
[43.254066000, -1.430364000],
[43.254123000, -1.430772000],
[43.254163000, -1.430924000],
[43.254229000, -1.431062000],
[43.254285000, -1.431252000],
[43.254329000, -1.431540000],
[43.254403000, -1.431695000],
[43.254899000, -1.432117000],
[43.254941000, -1.432257000],
[43.254883000, -1.432406000],
[43.254621000, -1.432770000],
[43.254494000, -1.433051000],
[43.254487000, -1.433157000],
[43.254570000, -1.433164000],
[43.254728000, -1.432920000],
[43.254845000, -1.432844000],
[43.255818000, -1.432617000],
[43.256172000, -1.432602000],
[43.256558000, -1.432648000],
[43.256756000, -1.432640000],
[43.257027000, -1.432562000],
[43.257216000, -1.432425000],
[43.257415000, -1.432329000],
[43.257819000, -1.432304000],
[43.258164000, -1.432063000],
[43.258229000, -1.432076000],
[43.258296000, -1.432208000],
[43.258345000, -1.432494000],
[43.258368000, -1.432978000],
[43.258453000, -1.433144000],
[43.258494000, -1.433306000],
[43.258481000, -1.433417000],
[43.258344000, -1.433678000],
[43.258278000, -1.433992000],
[43.258271000, -1.434191000],
[43.258348000, -1.434267000],
[43.259013000, -1.434277000],
[43.259216000, -1.434204000],
[43.259671000, -1.434097000],
[43.259821000, -1.434106000],
[43.260171000, -1.434025000],
[43.260624000, -1.433729000],
[43.260922000, -1.433618000],
[43.261277000, -1.433440000],
[43.261498000, -1.433296000],
[43.261896000, -1.432800000],
[43.262126000, -1.432446000],
[43.262250000, -1.432210000],
[43.262397000, -1.432109000],
[43.262577000, -1.432082000],
[43.262811000, -1.432169000],
[43.262946000, -1.432305000],
[43.263012000, -1.432547000],
[43.263014000, -1.432833000],
[43.262988000, -1.433113000],
[43.263041000, -1.433252000],
[43.263158000, -1.433320000],
[43.263275000, -1.433247000],
[43.263368000, -1.433125000],
[43.263475000, -1.433068000],
[43.263565000, -1.433057000],
[43.263680000, -1.433083000],
[43.263924000, -1.433213000],
[43.264042000, -1.433166000],
[43.264165000, -1.433011000],
[43.264257000, -1.432481000],
[43.264330000, -1.432331000],
[43.264648000, -1.432044000],
[43.264798000, -1.431968000],
[43.265144000, -1.431703000],
[43.265249000, -1.431646000],
[43.265293000, -1.431723000],
[43.265045000, -1.432403000],
[43.264991000, -1.432599000],
[43.264994000, -1.432787000],
[43.265095000, -1.432877000],
[43.265641000, -1.433085000],
[43.265962000, -1.433117000],
[43.266259000, -1.433175000],
[43.266704000, -1.433329000],
[43.266841000, -1.433424000],
[43.266884000, -1.433552000],
[43.266866000, -1.433722000],
[43.266820000, -1.433873000],
[43.266813000, -1.434044000],
[43.266786000, -1.434009000],
[43.266769000, -1.433930000],
[43.266810000, -1.433876000],
[43.266825000, -1.433926000],
[43.266787000, -1.433979000],
[43.266504000, -1.434115000],
[43.266336000, -1.434225000],
[43.266211000, -1.434459000],
[43.265965000, -1.434626000],
[43.265689000, -1.434726000],
[43.265257000, -1.434588000],
[43.265156000, -1.434624000],
[43.265145000, -1.434605000],
[43.265363000, -1.434591000],
[43.265476000, -1.434685000],
[43.265584000, -1.434738000],
[43.265825000, -1.434712000],
[43.266171000, -1.434511000],
[43.266333000, -1.434231000],
[43.266469000, -1.434135000],
[43.266785000, -1.433971000],
[43.266820000, -1.434042000],
[43.266796000, -1.434112000],
[43.266694000, -1.434262000],
[43.266648000, -1.434377000],
[43.266654000, -1.434534000],
[43.266705000, -1.434719000],
[43.266708000, -1.434846000],
[43.266654000, -1.434988000],
[43.266347000, -1.435444000],
[43.265861000, -1.435880000],
[43.265691000, -1.436101000],
[43.265438000, -1.436631000],
[43.265198000, -1.436947000],
[43.265107000, -1.437124000],
[43.264796000, -1.437570000],
[43.264679000, -1.437792000],
[43.264406000, -1.438423000],
[43.264383000, -1.438614000],
[43.264498000, -1.438772000],
[43.264715000, -1.438885000],
[43.264997000, -1.438914000],
[43.265642000, -1.438904000],
[43.265896000, -1.438961000],
[43.266206000, -1.439103000],
[43.266792000, -1.439306000],
[43.266995000, -1.439489000],
[43.267256000, -1.440195000],
[43.267483000, -1.440725000],
[43.267746000, -1.441552000],
[43.267758000, -1.441980000],
[43.267958000, -1.443195000],
[43.267992000, -1.443780000],
[43.267989000, -1.444006000],
[43.267944000, -1.444377000],
[43.268043000, -1.444701000],
[43.268060000, -1.445023000],
[43.267988000, -1.445610000],
[43.267933000, -1.445760000],
[43.267833000, -1.445833000],
[43.267685000, -1.445872000],
[43.267262000, -1.446271000],
[43.267089000, -1.446467000],
[43.267080000, -1.446555000],
[43.267178000, -1.446577000],
[43.267409000, -1.446560000],
[43.267865000, -1.446621000],
[43.268298000, -1.446635000],
[43.268423000, -1.446666000],
[43.268498000, -1.446716000],
[43.268704000, -1.446777000],
[43.268899000, -1.446779000],
[43.269074000, -1.446810000],
[43.269341000, -1.446782000],
[43.269437000, -1.446732000],
[43.269603000, -1.446692000],
[43.269935000, -1.446663000],
[43.270312000, -1.446546000],
[43.270548000, -1.446417000],
[43.270736000, -1.446375000],
[43.271069000, -1.446365000],
[43.271377000, -1.446414000],
[43.271570000, -1.446506000],
[43.272684000, -1.447367000],
[43.272899000, -1.447613000],
[43.273051000, -1.447701000],
[43.273134000, -1.447694000],
[43.273153000, -1.447763000],
[43.273124000, -1.447986000],
[43.273135000, -1.448024000],
[43.273056000, -1.448051000],
[43.272996000, -1.448182000],
[43.272967000, -1.448525000],
[43.273012000, -1.448991000],
[43.273235000, -1.449904000],
[43.273262000, -1.450119000],
[43.273243000, -1.450767000],
[43.273235000, -1.450715000],
[43.273175000, -1.450753000],
[43.273109000, -1.450746000],
[43.273032000, -1.450797000],
[43.273017000, -1.450951000],
[43.273104000, -1.451114000],
[43.273149000, -1.451364000],
[43.273356000, -1.451860000],
[43.273432000, -1.452112000],
[43.273532000, -1.452737000],
[43.273673000, -1.453153000],
[43.273791000, -1.453567000],
[43.273787000, -1.453650000],
[43.273865000, -1.454007000],
[43.274018000, -1.454535000],
[43.274024000, -1.454603000],
[43.274207000, -1.455007000],
[43.274242000, -1.455477000],
[43.274371000, -1.455951000],
[43.274468000, -1.456787000],
[43.274549000, -1.457184000],
[43.274680000, -1.458452000],
[43.275168000, -1.460396000],
[43.275257000, -1.460594000],
[43.275323000, -1.460861000],
[43.275420000, -1.461903000],
[43.275466000, -1.463242000],
[43.275503000, -1.463487000],
[43.275484000, -1.463608000],
[43.275499000, -1.463779000],
[43.275629000, -1.464244000],
[43.275664000, -1.464620000],
[43.275709000, -1.464791000],
[43.275819000, -1.465086000],
[43.275865000, -1.465502000],
[43.275886000, -1.466093000],
[43.276023000, -1.466788000],
[43.276115000, -1.467032000],
[43.276180000, -1.467081000],
[43.276216000, -1.467148000],
[43.276375000, -1.467613000],
[43.276453000, -1.467772000],
[43.276676000, -1.468082000],
[43.277054000, -1.468532000],
[43.277256000, -1.468743000],
[43.277412000, -1.468977000],
[43.277702000, -1.469678000],
[43.277804000, -1.470052000],
[43.277873000, -1.470190000],
[43.278005000, -1.470654000],
[43.278455000, -1.471611000],
[43.278466000, -1.471991000],
[43.278443000, -1.472477000],
[43.278457000, -1.472834000],
[43.278497000, -1.473206000],
[43.278677000, -1.473971000],
[43.279199000, -1.475451000],
[43.279307000, -1.475678000],
[43.279410000, -1.475785000],
[43.279457000, -1.475765000],
[43.279470000, -1.475711000],
[43.279439000, -1.475118000],
[43.279472000, -1.474423000],
[43.279387000, -1.473393000],
[43.279392000, -1.473036000],
[43.279426000, -1.472788000],
[43.279616000, -1.472241000],
[43.279824000, -1.471554000],
[43.279930000, -1.471020000],
[43.279861000, -1.470730000],
[43.279475000, -1.470126000],
[43.279265000, -1.469585000],
[43.279077000, -1.468701000],
[43.278910000, -1.468257000],
[43.278805000, -1.468081000],
[43.278716000, -1.467740000],
[43.278708000, -1.467524000],
[43.278738000, -1.467377000],
[43.278844000, -1.467389000],
[43.278949000, -1.467764000],
[43.279018000, -1.467738000],
[43.279038000, -1.467531000],
[43.279184000, -1.467017000],
[43.279286000, -1.466721000],
[43.279488000, -1.466353000],
[43.279693000, -1.466101000],
[43.279846000, -1.465607000],
[43.279834000, -1.465415000],
[43.279862000, -1.465363000],
[43.279957000, -1.465457000],
[43.280108000, -1.465874000],
[43.280083000, -1.466180000],
[43.280000000, -1.466406000],
[43.279990000, -1.466712000],
[43.280069000, -1.467082000],
[43.280126000, -1.467038000],
[43.280187000, -1.466749000],
[43.280274000, -1.466522000],
[43.280354000, -1.466576000],
[43.280447000, -1.466951000],
[43.280512000, -1.467449000],
[43.280601000, -1.467909000],
[43.280573000, -1.468151000],
[43.280595000, -1.468324000],
[43.280690000, -1.468128000],
[43.280773000, -1.468199000],
[43.280732000, -1.468407000],
[43.280768000, -1.468513000],
[43.280906000, -1.468345000],
[43.281005000, -1.468427000],
[43.281078000, -1.468596000],
[43.281162000, -1.468690000],
[43.281402000, -1.468849000],
[43.281816000, -1.468996000],
[43.282062000, -1.469219000],
[43.282167000, -1.469528000],
[43.282120000, -1.469965000],
[43.282296000, -1.470089000],
[43.282474000, -1.470183000],
[43.282721000, -1.470138000],
[43.283064000, -1.470012000],
[43.283295000, -1.470098000],
[43.283502000, -1.470128000],
[43.283651000, -1.470247000],
[43.283759000, -1.470510000],
[43.283804000, -1.470884000],
[43.283576000, -1.471303000],
[43.283592000, -1.471435000],
[43.283691000, -1.471424000],
[43.283752000, -1.471306000],
[43.283698000, -1.471287000],
[43.283535000, -1.471440000],
[43.283379000, -1.471670000],
[43.283404000, -1.471718000],
[43.283512000, -1.471404000],
[43.283613000, -1.471185000],
[43.283741000, -1.471047000],
[43.283969000, -1.470964000],
[43.284122000, -1.470952000],
[43.284422000, -1.470780000],
[43.284509000, -1.470691000],
[43.284525000, -1.470703000],
[43.284070000, -1.470960000],
[43.283937000, -1.470923000],
[43.283826000, -1.470741000],
[43.283769000, -1.470755000],
[43.283678000, -1.471051000],
[43.283372000, -1.471680000],
[43.283273000, -1.471843000],
[43.283206000, -1.471997000],
[43.283186000, -1.471976000],
[43.283491000, -1.471468000],
[43.283599000, -1.471431000],
[43.283739000, -1.471443000],
[43.283793000, -1.471527000],
[43.283829000, -1.471717000],
[43.283775000, -1.471867000],
[43.283830000, -1.471927000],
[43.284035000, -1.471873000],
[43.284284000, -1.471722000],
[43.284694000, -1.471529000],
[43.284828000, -1.471525000],
[43.284939000, -1.471445000],
[43.285090000, -1.471259000],
[43.285229000, -1.471040000],
[43.285365000, -1.470738000],
[43.285463000, -1.470564000],
[43.285593000, -1.470238000],
[43.285610000, -1.470232000],
[43.285611000, -1.470253000],
[43.285556000, -1.470310000],
[43.285175000, -1.471061000],
[43.284812000, -1.471526000],
[43.284795000, -1.471636000],
[43.284894000, -1.471761000],
[43.285063000, -1.471764000],
[43.285160000, -1.471687000],
[43.285152000, -1.471712000],
[43.285040000, -1.471773000],
[43.284974000, -1.471728000],
[43.284885000, -1.471748000],
[43.284815000, -1.471624000],
[43.284695000, -1.471801000],
[43.284677000, -1.471858000],
[43.284825000, -1.471580000],
[43.284818000, -1.471517000],
[43.284754000, -1.471504000],
[43.284848000, -1.471511000],
[43.284828000, -1.471557000],
[43.284836000, -1.471630000],
[43.284837000, -1.471533000],
[43.284960000, -1.471435000],
[43.284845000, -1.471530000],
[43.284859000, -1.471666000],
[43.284888000, -1.471741000],
[43.284958000, -1.471741000],
[43.285003000, -1.471772000],
[43.285065000, -1.471763000],
[43.285370000, -1.471552000],
[43.285637000, -1.471514000],
[43.285784000, -1.471594000],
[43.285902000, -1.471556000],
[43.285933000, -1.471569000],
[43.285988000, -1.471673000],
[43.286111000, -1.471685000],
[43.286260000, -1.471793000],
[43.286328000, -1.471874000],
[43.286351000, -1.472015000],
[43.286287000, -1.472367000],
[43.286309000, -1.472903000],
[43.286355000, -1.473012000],
[43.286397000, -1.473184000],
[43.286457000, -1.473300000],
[43.286531000, -1.473378000],
[43.286625000, -1.473361000],
[43.286753000, -1.473398000],
[43.287096000, -1.473746000],
[43.287327000, -1.473718000],
[43.287932000, -1.474030000],
[43.288062000, -1.474116000],
[43.288190000, -1.474239000],
[43.288311000, -1.474394000],
[43.288546000, -1.475030000],
[43.288578000, -1.475238000],
[43.288526000, -1.475420000],
[43.288262000, -1.475891000],
[43.288073000, -1.476614000],
[43.287935000, -1.476905000],
[43.287728000, -1.477411000],
[43.287574000, -1.477549000],
[43.287421000, -1.477769000],
[43.287257000, -1.478093000],
[43.287189000, -1.478342000],
[43.287216000, -1.478540000],
[43.287313000, -1.478652000],
[43.287518000, -1.478685000],
[43.287652000, -1.478767000],
[43.287883000, -1.479271000],
[43.287930000, -1.479447000],
[43.287952000, -1.479804000],
[43.288023000, -1.480265000],
[43.288097000, -1.481049000],
[43.288155000, -1.481471000],
[43.288289000, -1.482124000],
[43.288348000, -1.482105000],
[43.288385000, -1.481793000],
[43.288503000, -1.481402000],
[43.288635000, -1.481067000],
[43.288768000, -1.480541000],
[43.288863000, -1.479915000],
[43.289004000, -1.479471000],
[43.289032000, -1.478542000],
[43.289231000, -1.477403000],
[43.289345000, -1.477076000],
[43.289472000, -1.476922000],
[43.289542000, -1.476916000],
[43.290047000, -1.477101000],
[43.290302000, -1.477243000],
[43.290443000, -1.477225000],
[43.290563000, -1.477175000],
[43.290835000, -1.477142000],
[43.291018000, -1.477082000],
[43.291237000, -1.476954000],
[43.291679000, -1.476632000],
[43.292315000, -1.475930000],
[43.292491000, -1.475676000],
[43.292682000, -1.475285000],
[43.292868000, -1.474969000],
[43.293038000, -1.474822000],
[43.293410000, -1.474672000],
[43.293583000, -1.474560000],
[43.293767000, -1.474394000],
[43.294013000, -1.474111000],
[43.294308000, -1.473627000],
[43.294544000, -1.473310000],
[43.294869000, -1.472970000],
[43.295024000, -1.472772000],
[43.295130000, -1.472601000],
[43.295295000, -1.472478000],
[43.295468000, -1.472395000],
[43.295739000, -1.472149000],
[43.295951000, -1.471832000],
[43.296253000, -1.471244000],
[43.296388000, -1.470920000],
[43.296365000, -1.470771000],
[43.296374000, -1.470693000],
[43.296818000, -1.470492000],
[43.297216000, -1.470441000],
[43.297518000, -1.470271000],
[43.297716000, -1.470212000],
[43.298345000, -1.470116000],
[43.298401000, -1.470128000],
[43.298484000, -1.470236000],
[43.298598000, -1.470320000],
[43.298863000, -1.470219000],
[43.298849000, -1.470347000],
[43.298946000, -1.470459000],
[43.299035000, -1.470443000],
[43.299103000, -1.470480000],
[43.299176000, -1.470564000],
[43.299191000, -1.470621000],
[43.299249000, -1.470610000],
[43.299321000, -1.470651000],
[43.299369000, -1.470709000],
[43.299440000, -1.470742000],
[43.299553000, -1.470701000],
[43.299752000, -1.470715000],
[43.300061000, -1.470625000],
[43.300195000, -1.470525000],
[43.300423000, -1.470563000],
[43.300507000, -1.470528000],
[43.300808000, -1.470683000],
[43.301266000, -1.471042000],
[43.301348000, -1.471070000],
[43.301372000, -1.471140000],
[43.301650000, -1.471625000],
[43.301669000, -1.471735000],
[43.301565000, -1.471883000],
[43.301555000, -1.471925000],
[43.301304000, -1.472302000],
[43.301136000, -1.472493000],
[43.300868000, -1.473096000],
[43.300819000, -1.473254000],
[43.300797000, -1.473410000],
[43.300734000, -1.473583000],
[43.300618000, -1.474046000],
[43.300572000, -1.474476000],
[43.300568000, -1.474649000],
[43.300653000, -1.474762000],
[43.300718000, -1.475017000],
[43.300784000, -1.475064000],
[43.301217000, -1.475002000],
[43.301588000, -1.474830000],
[43.301956000, -1.474859000],
[43.302210000, -1.474914000],
[43.302505000, -1.474907000],
[43.302827000, -1.474867000],
[43.303162000, -1.474771000],
[43.303479000, -1.474720000],
[43.303547000, -1.474735000],
[43.303562000, -1.474802000],
[43.303508000, -1.474930000],
[43.303491000, -1.475126000],
[43.303536000, -1.475629000],
[43.303688000, -1.476076000],
[43.303788000, -1.476154000],
[43.303993000, -1.476170000],
[43.304128000, -1.476221000],
[43.304172000, -1.476382000],
[43.304192000, -1.476711000],
[43.304313000, -1.477092000],
[43.304365000, -1.477336000],
[43.304510000, -1.477799000],
[43.304666000, -1.478127000],
[43.304761000, -1.478440000],
[43.304758000, -1.478604000],
[43.304724000, -1.478767000],
[43.304825000, -1.478977000],
[43.304839000, -1.479180000],
[43.304772000, -1.479382000],
[43.304719000, -1.480088000],
[43.304669000, -1.480473000],
[43.304592000, -1.480789000],
[43.304504000, -1.481000000],
[43.304196000, -1.481403000],
[43.304078000, -1.481522000],
[43.303976000, -1.481675000],
[43.303559000, -1.482131000],
[43.303518000, -1.482274000],
[43.303569000, -1.482475000],
[43.303611000, -1.482559000],
[43.303759000, -1.482695000],
</trkpt>
[43.304384000, -1.482763000],
[43.304607000, -1.482920000],
[43.304702000, -1.483079000],
[43.304986000, -1.483670000],
[43.305027000, -1.483804000],
[43.305009000, -1.483980000],
[43.304874000, -1.484015000],
[43.304633000, -1.483870000],
[43.304359000, -1.483636000],
[43.304265000, -1.483681000],
[43.303836000, -1.484700000],
[43.303797000, -1.484962000],
[43.303835000, -1.485315000],
[43.303916000, -1.485617000],
[43.303899000, -1.486038000],
[43.303712000, -1.486714000],
[43.303492000, -1.487038000],
[43.303302000, -1.487202000],
[43.303175000, -1.487440000],
[43.303205000, -1.487600000],
[43.303259000, -1.487700000],
[43.303541000, -1.487942000],
[43.303772000, -1.487991000],
[43.303948000, -1.488060000],
[43.304140000, -1.488197000],
[43.304264000, -1.488219000],
[43.304291000, -1.488189000],
[43.304247000, -1.488005000],
[43.304230000, -1.487827000],
[43.304294000, -1.487779000],
[43.304905000, -1.488005000],
[43.305322000, -1.488240000],
[43.305931000, -1.488170000],
[43.306345000, -1.488015000],
[43.306473000, -1.487934000],
[43.306763000, -1.487659000],
[43.307164000, -1.487645000],
[43.307462000, -1.487603000],
[43.307969000, -1.487424000],
[43.308227000, -1.487079000],
[43.308289000, -1.486968000],
[43.308286000, -1.486497000],
[43.308246000, -1.486360000],
[43.308227000, -1.486147000],
[43.308275000, -1.486586000],
[43.308286000, -1.486955000],
[43.308041000, -1.487313000],
[43.308065000, -1.487472000],
[43.308154000, -1.487504000],
[43.308410000, -1.487493000],
[43.308528000, -1.487583000],
[43.308445000, -1.487754000],
[43.308133000, -1.488087000],
[43.307812000, -1.488334000],
[43.307705000, -1.488387000],
[43.307371000, -1.488629000],
[43.307109000, -1.488785000],
[43.306892000, -1.489033000],
[43.306804000, -1.489665000],
[43.306632000, -1.490040000],
[43.306315000, -1.490303000],
[43.306321000, -1.490787000],
[43.306442000, -1.491408000],
[43.306493000, -1.492006000],
[43.306349000, -1.492150000],
[43.306173000, -1.492242000],
[43.306161000, -1.492398000],
[43.306227000, -1.492991000],
[43.306333000, -1.493395000],
[43.306599000, -1.494255000],
[43.306772000, -1.494991000],
[43.306871000, -1.495514000],
[43.306902000, -1.496581000],
[43.306686000, -1.497230000],
[43.306822000, -1.497281000],
[43.306958000, -1.497455000],
[43.306982000, -1.497673000],
[43.306950000, -1.497878000],
[43.306870000, -1.498036000],
[43.306818000, -1.498717000],
[43.306900000, -1.498822000],
[43.307362000, -1.498980000],
[43.307495000, -1.499139000],
[43.307614000, -1.499182000],
[43.307701000, -1.499162000],
</trkseg>
</trk>
</gpx>
